Source path:... D:\Desktop\python\DesktopPet\main.py
Starting var:.. self = <__main__.EventThread object at 0x000002222C5123B0>
16:29:54.086271 call        28     def run(self):
16:29:54.236275 line        29         while self.isLive:
16:29:54.237275 line        30             self.getTasks.emit(self)
16:29:54.238274 line        31             logger.debug(self.tasks)
16:29:54.273272 line        32             for task in self.tasks:
16:29:54.274271 line        29         while self.isLive:
16:29:54.275295 line        30             self.getTasks.emit(self)
16:29:54.290274 line        31             logger.debug(self.tasks)
16:29:54.297276 line        32             for task in self.tasks:
16:29:54.299277 line        29         while self.isLive:
16:29:54.300276 line        30             self.getTasks.emit(self)
16:29:54.301274 line        31             logger.debug(self.tasks)
16:29:54.306274 line        32             for task in self.tasks:
16:29:54.307276 line        29         while self.isLive:
16:29:54.308278 line        30             self.getTasks.emit(self)
16:29:54.313276 line        31             logger.debug(self.tasks)
16:29:54.330273 line        32             for task in self.tasks:
16:29:54.331273 line        29         while self.isLive:
16:29:54.332278 line        30             self.getTasks.emit(self)
16:29:54.333277 line        31             logger.debug(self.tasks)
16:29:54.340276 line        32             for task in self.tasks:
16:29:54.341277 line        29         while self.isLive:
16:29:54.342279 line        30             self.getTasks.emit(self)
16:29:54.343280 line        31             logger.debug(self.tasks)
16:29:54.367274 line        32             for task in self.tasks:
16:29:54.368276 line        29         while self.isLive:
16:29:54.369279 line        30             self.getTasks.emit(self)
16:29:54.370277 line        31             logger.debug(self.tasks)
16:29:54.376277 line        32             for task in self.tasks:
16:29:54.377275 line        29         while self.isLive:
16:29:54.380276 line        30             self.getTasks.emit(self)
16:29:54.381274 line        31             logger.debug(self.tasks)
16:29:54.408273 line        32             for task in self.tasks:
16:29:54.410273 line        29         while self.isLive:
16:29:54.411276 line        30             self.getTasks.emit(self)
16:29:54.412276 line        31             logger.debug(self.tasks)
16:29:54.418278 line        32             for task in self.tasks:
16:29:54.419278 line        29         while self.isLive:
16:29:54.420280 line        30             self.getTasks.emit(self)
16:29:54.423277 line        31             logger.debug(self.tasks)
16:29:54.447274 line        32             for task in self.tasks:
16:29:54.448278 line        29         while self.isLive:
16:29:54.450273 line        30             self.getTasks.emit(self)
16:29:54.451278 line        31             logger.debug(self.tasks)
16:29:54.456277 line        32             for task in self.tasks:
16:29:54.457275 line        29         while self.isLive:
16:29:54.458275 line        30             self.getTasks.emit(self)
16:29:54.459275 line        31             logger.debug(self.tasks)
16:29:54.467274 line        32             for task in self.tasks:
16:29:54.468278 line        29         while self.isLive:
16:29:54.469278 line        30             self.getTasks.emit(self)
16:29:54.470279 line        31             logger.debug(self.tasks)
16:29:54.491275 line        32             for task in self.tasks:
16:29:54.492274 line        29         while self.isLive:
16:29:54.494274 line        30             self.getTasks.emit(self)
16:29:54.495277 line        31             logger.debug(self.tasks)
16:29:54.505274 line        32             for task in self.tasks:
16:29:54.506272 line        29         while self.isLive:
16:29:54.506272 line        30             self.getTasks.emit(self)
16:29:54.509276 line        31             logger.debug(self.tasks)
16:29:54.519275 line        32             for task in self.tasks:
16:29:54.520276 line        29         while self.isLive:
16:29:55.326276 line        30             self.getTasks.emit(self)
16:29:55.327274 line        31             logger.debug(self.tasks)
16:29:55.332274 line        32             for task in self.tasks:
16:29:55.333276 line        29         while self.isLive:
16:29:55.334276 line        30             self.getTasks.emit(self)
16:29:55.335276 line        31             logger.debug(self.tasks)
16:29:55.339275 line        32             for task in self.tasks:
16:29:55.340275 line        29         while self.isLive:
16:29:55.341275 line        30             self.getTasks.emit(self)
16:29:55.394274 line        31             logger.debug(self.tasks)
16:29:55.402284 line        32             for task in self.tasks:
New var:....... task = Func(func=<bound method Pet.doTask of <petC.Pet ...ambda> at 0x000002222C5427A0>, id='slime.doTask')
16:29:55.403290 line        33                 if task.condition:
16:29:55.405274 line        34                     task.func()
16:29:55.406274 line        32             for task in self.tasks:
Modified var:.. task = Func(func=<bound method Pet.doTask of <petC.Pet ...<lambda> at 0x000002222C542DD0>, id='red.doTask')
16:29:55.407273 line        33                 if task.condition:
16:29:55.409274 line        34                     task.func()
16:29:55.410315 line        32             for task in self.tasks:
Modified var:.. task = Func(func=<bound method Pet.doTask of <petC.Pet ...mbda> at 0x000002222C543640>, id='orange.doTask')
16:29:55.411274 line        33                 if task.condition:
16:29:55.413277 line        34                     task.func()
16:29:55.415275 line        32             for task in self.tasks:
Modified var:.. task = Func(func=<bound method Pet.doTask of <petC.Pet ...mbda> at 0x000002222C4F1510>, id='yellow.doTask')
16:29:55.416274 line        33                 if task.condition:
16:29:55.418275 line        34                     task.func()
16:29:55.419273 line        32             for task in self.tasks:
Modified var:.. task = Func(func=<bound method Pet.doTask of <petC.Pet ...ambda> at 0x000002222C5A0430>, id='green.doTask')
16:29:55.420287 line        33                 if task.condition:
16:29:55.421273 line        34                     task.func()
16:29:55.422275 line        32             for task in self.tasks:
Modified var:.. task = Func(func=<bound method Pet.doTask of <petC.Pet ...lambda> at 0x000002222C5A0CA0>, id='blue.doTask')
16:29:55.423273 line        33                 if task.condition:
16:29:55.425275 line        34                     task.func()
16:29:55.426276 line        32             for task in self.tasks:
Modified var:.. task = Func(func=<bound method Pet.doTask of <petC.Pet ...mbda> at 0x000002222C5A1510>, id='purple.doTask')
16:29:55.427277 line        33                 if task.condition:
16:29:55.429275 line        34                     task.func()
16:29:55.430274 line        32             for task in self.tasks:
16:29:55.431272 line        29         while self.isLive:
16:29:55.432273 line        30             self.getTasks.emit(self)
16:29:55.433277 line        31             logger.debug(self.tasks)
16:29:55.439278 line        32             for task in self.tasks:
Modified var:.. task = Func(func=<bound method Pet.doTask of <petC.Pet ...ambda> at 0x000002222C5427A0>, id='slime.doTask')
16:29:55.440281 line        33                 if task.condition:
16:29:55.442274 line        34                     task.func()
16:29:55.442274 line        32             for task in self.tasks:
Modified var:.. task = Func(func=<bound method Pet.doTask of <petC.Pet ...<lambda> at 0x000002222C542DD0>, id='red.doTask')
16:29:55.443275 line        33                 if task.condition:
16:29:55.445278 line        34                     task.func()
16:29:55.446298 line        32             for task in self.tasks:
Modified var:.. task = Func(func=<bound method Pet.doTask of <petC.Pet ...mbda> at 0x000002222C543640>, id='orange.doTask')
16:29:55.447292 line        33                 if task.condition:
16:29:55.449315 line        34                     task.func()
16:29:55.450568 line        32             for task in self.tasks:
Modified var:.. task = Func(func=<bound method Pet.doTask of <petC.Pet ...mbda> at 0x000002222C4F1510>, id='yellow.doTask')
16:29:55.451561 line        33                 if task.condition:
16:29:55.452561 line        34                     task.func()
16:29:55.453572 line        32             for task in self.tasks:
Modified var:.. task = Func(func=<bound method Pet.doTask of <petC.Pet ...ambda> at 0x000002222C5A0430>, id='green.doTask')
16:29:55.454571 line        33                 if task.condition:
16:29:55.456567 line        34                     task.func()
16:29:55.457567 line        32             for task in self.tasks:
Modified var:.. task = Func(func=<bound method Pet.doTask of <petC.Pet ...lambda> at 0x000002222C5A0CA0>, id='blue.doTask')
16:29:55.457567 line        33                 if task.condition:
16:29:55.459567 line        34                     task.func()
16:29:55.460569 line        32             for task in self.tasks:
Modified var:.. task = Func(func=<bound method Pet.doTask of <petC.Pet ...mbda> at 0x000002222C5A1510>, id='purple.doTask')
16:29:55.462571 line        33                 if task.condition:
16:29:55.463568 line        34                     task.func()
16:29:55.464569 line        32             for task in self.tasks:
16:29:55.465568 line        29         while self.isLive:
16:29:55.466570 line        30             self.getTasks.emit(self)
16:29:55.467572 line        31             logger.debug(self.tasks)
16:29:55.473583 line        32             for task in self.tasks:
Modified var:.. task = Func(func=<bound method Pet.doTask of <petC.Pet ...ambda> at 0x000002222C5427A0>, id='slime.doTask')
16:29:55.474585 line        33                 if task.condition:
16:29:55.476586 line        34                     task.func()
16:29:55.477589 line        32             for task in self.tasks:
Modified var:.. task = Func(func=<bound method Pet.doTask of <petC.Pet ...<lambda> at 0x000002222C542DD0>, id='red.doTask')
16:29:55.478589 line        33                 if task.condition:
16:29:55.479587 line        34                     task.func()
16:29:55.480586 line        32             for task in self.tasks:
Modified var:.. task = Func(func=<bound method Pet.doTask of <petC.Pet ...mbda> at 0x000002222C543640>, id='orange.doTask')
16:29:55.482032 line        33                 if task.condition:
16:29:55.484018 line        34                     task.func()
16:29:55.485022 line        32             for task in self.tasks:
Modified var:.. task = Func(func=<bound method Pet.doTask of <petC.Pet ...mbda> at 0x000002222C4F1510>, id='yellow.doTask')
16:29:55.486018 line        33                 if task.condition:
16:29:55.487021 line        34                     task.func()
16:29:55.488020 line        32             for task in self.tasks:
Modified var:.. task = Func(func=<bound method Pet.doTask of <petC.Pet ...ambda> at 0x000002222C5A0430>, id='green.doTask')
16:29:55.489020 line        33                 if task.condition:
16:29:55.491018 line        34                     task.func()
16:29:55.492021 line        32             for task in self.tasks:
Modified var:.. task = Func(func=<bound method Pet.doTask of <petC.Pet ...lambda> at 0x000002222C5A0CA0>, id='blue.doTask')
16:29:55.493019 line        33                 if task.condition:
16:29:55.495020 line        34                     task.func()
16:29:55.496019 line        32             for task in self.tasks:
Modified var:.. task = Func(func=<bound method Pet.doTask of <petC.Pet ...mbda> at 0x000002222C5A1510>, id='purple.doTask')
16:29:55.497021 line        33                 if task.condition:
16:29:55.499021 line        34                     task.func()
16:29:55.499021 line        32             for task in self.tasks:
16:29:55.500019 line        29         while self.isLive:
16:29:55.501020 line        30             self.getTasks.emit(self)
16:29:55.502204 line        31             logger.debug(self.tasks)
16:29:55.511222 line        32             for task in self.tasks:
Modified var:.. task = Func(func=<bound method Pet.doTask of <petC.Pet ...ambda> at 0x000002222C5427A0>, id='slime.doTask')
16:29:55.512218 line        33                 if task.condition:
16:29:55.514250 line        34                     task.func()
16:29:55.515245 line        32             for task in self.tasks:
Modified var:.. task = Func(func=<bound method Pet.doTask of <petC.Pet ...<lambda> at 0x000002222C542DD0>, id='red.doTask')
16:29:55.516245 line        33                 if task.condition:
16:29:55.517246 line        34                     task.func()
16:29:55.518244 line        32             for task in self.tasks:
Modified var:.. task = Func(func=<bound method Pet.doTask of <petC.Pet ...mbda> at 0x000002222C543640>, id='orange.doTask')
16:29:55.519364 line        33                 if task.condition:
16:29:55.521356 line        34                     task.func()
16:29:55.522357 line        32             for task in self.tasks:
Modified var:.. task = Func(func=<bound method Pet.doTask of <petC.Pet ...mbda> at 0x000002222C4F1510>, id='yellow.doTask')
16:29:55.523357 line        33                 if task.condition:
16:29:55.525358 line        34                     task.func()
16:29:55.526359 line        32             for task in self.tasks:
Modified var:.. task = Func(func=<bound method Pet.doTask of <petC.Pet ...ambda> at 0x000002222C5A0430>, id='green.doTask')
16:29:55.527359 line        33                 if task.condition:
16:29:55.529358 line        34                     task.func()
16:29:55.530357 line        32             for task in self.tasks:
Modified var:.. task = Func(func=<bound method Pet.doTask of <petC.Pet ...lambda> at 0x000002222C5A0CA0>, id='blue.doTask')
16:29:55.531357 line        33                 if task.condition:
16:29:55.533359 line        34                     task.func()
16:29:55.534358 line        32             for task in self.tasks:
Modified var:.. task = Func(func=<bound method Pet.doTask of <petC.Pet ...mbda> at 0x000002222C5A1510>, id='purple.doTask')
16:29:55.535357 line        33                 if task.condition:
16:29:55.537362 line        34                     task.func()
16:29:55.538361 line        32             for task in self.tasks:
16:29:55.539361 line        29         while self.isLive:
16:29:55.540516 line        30             self.getTasks.emit(self)
16:29:55.541499 line        31             logger.debug(self.tasks)
16:29:55.547937 line        32             for task in self.tasks:
Modified var:.. task = Func(func=<bound method Pet.doTask of <petC.Pet ...ambda> at 0x000002222C5427A0>, id='slime.doTask')
16:29:55.548939 line        33                 if task.condition:
16:29:55.550935 line        34                     task.func()
16:29:55.550935 line        32             for task in self.tasks:
Modified var:.. task = Func(func=<bound method Pet.doTask of <petC.Pet ...<lambda> at 0x000002222C542DD0>, id='red.doTask')
16:29:55.552957 line        33                 if task.condition:
16:29:55.554955 line        34                     task.func()
16:29:55.556247 line        32             for task in self.tasks:
Modified var:.. task = Func(func=<bound method Pet.doTask of <petC.Pet ...mbda> at 0x000002222C543640>, id='orange.doTask')
16:29:55.558253 line        33                 if task.condition:
16:29:55.560272 line        34                     task.func()
16:29:55.561294 line        32             for task in self.tasks:
Modified var:.. task = Func(func=<bound method Pet.doTask of <petC.Pet ...mbda> at 0x000002222C4F1510>, id='yellow.doTask')
16:29:55.562288 line        33                 if task.condition:
16:29:55.564679 line        34                     task.func()
16:29:55.565681 line        32             for task in self.tasks:
Modified var:.. task = Func(func=<bound method Pet.doTask of <petC.Pet ...ambda> at 0x000002222C5A0430>, id='green.doTask')
16:29:55.566920 line        33                 if task.condition:
16:29:55.569355 line        34                     task.func()
16:29:55.570354 line        32             for task in self.tasks:
Modified var:.. task = Func(func=<bound method Pet.doTask of <petC.Pet ...lambda> at 0x000002222C5A0CA0>, id='blue.doTask')
16:29:55.571637 line        33                 if task.condition:
16:29:55.573631 line        34                     task.func()
16:29:55.574631 line        32             for task in self.tasks:
Modified var:.. task = Func(func=<bound method Pet.doTask of <petC.Pet ...mbda> at 0x000002222C5A1510>, id='purple.doTask')
16:29:55.574631 line        33                 if task.condition:
16:29:55.575978 line        34                     task.func()
16:29:55.576901 line        32             for task in self.tasks:
16:29:55.578147 line        29         while self.isLive:
16:29:55.579145 line        30             self.getTasks.emit(self)
16:29:55.580145 line        31             logger.debug(self.tasks)
16:29:55.586682 line        32             for task in self.tasks:
Modified var:.. task = Func(func=<bound method Pet.doTask of <petC.Pet ...ambda> at 0x000002222C5427A0>, id='slime.doTask')
16:29:55.587673 line        33                 if task.condition:
16:29:55.590135 line        34                     task.func()
16:29:55.591134 line        32             for task in self.tasks:
Modified var:.. task = Func(func=<bound method Pet.doTask of <petC.Pet ...<lambda> at 0x000002222C542DD0>, id='red.doTask')
16:29:55.592135 line        33                 if task.condition:
16:29:55.593423 line        34                     task.func()
16:29:55.594413 line        32             for task in self.tasks:
Modified var:.. task = Func(func=<bound method Pet.doTask of <petC.Pet ...mbda> at 0x000002222C543640>, id='orange.doTask')
16:29:55.595447 line        33                 if task.condition:
16:29:55.596466 line        34                     task.func()
16:29:55.597704 line        32             for task in self.tasks:
Modified var:.. task = Func(func=<bound method Pet.doTask of <petC.Pet ...mbda> at 0x000002222C4F1510>, id='yellow.doTask')
16:29:55.598572 line        33                 if task.condition:
16:29:55.600573 line        34                     task.func()
16:29:55.601570 line        32             for task in self.tasks:
Modified var:.. task = Func(func=<bound method Pet.doTask of <petC.Pet ...ambda> at 0x000002222C5A0430>, id='green.doTask')
16:29:55.601570 line        33                 if task.condition:
16:29:55.604039 line        34                     task.func()
16:29:55.605037 line        32             for task in self.tasks:
Modified var:.. task = Func(func=<bound method Pet.doTask of <petC.Pet ...lambda> at 0x000002222C5A0CA0>, id='blue.doTask')
16:29:55.605037 line        33                 if task.condition:
16:29:55.607509 line        34                     task.func()
16:29:55.607509 line        32             for task in self.tasks:
Modified var:.. task = Func(func=<bound method Pet.doTask of <petC.Pet ...mbda> at 0x000002222C5A1510>, id='purple.doTask')
16:29:55.608848 line        33                 if task.condition:
16:29:55.609854 line        34                     task.func()
16:29:55.610875 line        32             for task in self.tasks:
16:29:55.611877 line        29         while self.isLive:
16:29:55.612937 line        30             self.getTasks.emit(self)
16:29:55.613897 line        31             logger.debug(self.tasks)
16:29:55.620200 line        32             for task in self.tasks:
Modified var:.. task = Func(func=<bound method Pet.doTask of <petC.Pet ...ambda> at 0x000002222C5427A0>, id='slime.doTask')
16:29:55.621219 line        33                 if task.condition:
16:29:55.623235 line        34                     task.func()
16:29:55.624240 line        32             for task in self.tasks:
Modified var:.. task = Func(func=<bound method Pet.doTask of <petC.Pet ...<lambda> at 0x000002222C542DD0>, id='red.doTask')
16:29:55.625268 line        33                 if task.condition:
16:29:55.627264 line        34                     task.func()
16:29:55.628265 line        32             for task in self.tasks:
Modified var:.. task = Func(func=<bound method Pet.doTask of <petC.Pet ...mbda> at 0x000002222C543640>, id='orange.doTask')
16:29:55.629275 line        33                 if task.condition:
16:29:55.630812 line        34                     task.func()
16:29:55.631813 line        32             for task in self.tasks:
Modified var:.. task = Func(func=<bound method Pet.doTask of <petC.Pet ...mbda> at 0x000002222C4F1510>, id='yellow.doTask')
16:29:55.631813 line        33                 if task.condition:
16:29:55.633814 line        34                     task.func()
16:29:55.634812 line        32             for task in self.tasks:
Modified var:.. task = Func(func=<bound method Pet.doTask of <petC.Pet ...ambda> at 0x000002222C5A0430>, id='green.doTask')
16:29:55.635814 line        33                 if task.condition:
16:29:55.636816 line        34                     task.func()
16:29:55.637815 line        32             for task in self.tasks:
Modified var:.. task = Func(func=<bound method Pet.doTask of <petC.Pet ...lambda> at 0x000002222C5A0CA0>, id='blue.doTask')
16:29:55.638816 line        33                 if task.condition:
16:29:55.639816 line        34                     task.func()
16:29:55.640813 line        32             for task in self.tasks:
Modified var:.. task = Func(func=<bound method Pet.doTask of <petC.Pet ...mbda> at 0x000002222C5A1510>, id='purple.doTask')
16:29:55.641811 line        33                 if task.condition:
16:29:55.643811 line        34                     task.func()
16:29:55.644814 line        32             for task in self.tasks:
16:29:55.644814 line        29         while self.isLive:
16:29:55.645811 line        30             self.getTasks.emit(self)
16:29:55.646812 line        31             logger.debug(self.tasks)
16:29:55.651812 line        32             for task in self.tasks:
Modified var:.. task = Func(func=<bound method Pet.doTask of <petC.Pet ...ambda> at 0x000002222C5427A0>, id='slime.doTask')
16:29:55.652811 line        33                 if task.condition:
16:29:55.654812 line        34                     task.func()
16:29:55.654812 line        32             for task in self.tasks:
Modified var:.. task = Func(func=<bound method Pet.doTask of <petC.Pet ...<lambda> at 0x000002222C542DD0>, id='red.doTask')
16:29:55.655811 line        33                 if task.condition:
16:29:55.657812 line        34                     task.func()
16:29:55.657812 line        32             for task in self.tasks:
Modified var:.. task = Func(func=<bound method Pet.doTask of <petC.Pet ...mbda> at 0x000002222C543640>, id='orange.doTask')
16:29:55.658811 line        33                 if task.condition:
16:29:55.660813 line        34                     task.func()
16:29:55.661813 line        32             for task in self.tasks:
Modified var:.. task = Func(func=<bound method Pet.doTask of <petC.Pet ...mbda> at 0x000002222C4F1510>, id='yellow.doTask')
16:29:55.662816 line        33                 if task.condition:
16:29:55.664812 line        34                     task.func()
16:29:55.665811 line        32             for task in self.tasks:
Modified var:.. task = Func(func=<bound method Pet.doTask of <petC.Pet ...ambda> at 0x000002222C5A0430>, id='green.doTask')
16:29:55.666811 line        33                 if task.condition:
16:29:55.667813 line        34                     task.func()
16:29:55.668812 line        32             for task in self.tasks:
Modified var:.. task = Func(func=<bound method Pet.doTask of <petC.Pet ...lambda> at 0x000002222C5A0CA0>, id='blue.doTask')
16:29:55.669810 line        33                 if task.condition:
16:29:55.671811 line        34                     task.func()
16:29:55.672812 line        32             for task in self.tasks:
Modified var:.. task = Func(func=<bound method Pet.doTask of <petC.Pet ...mbda> at 0x000002222C5A1510>, id='purple.doTask')
16:29:55.673812 line        33                 if task.condition:
16:29:55.674810 line        34                     task.func()
16:29:55.675811 line        32             for task in self.tasks:
16:29:55.677809 line        29         while self.isLive:
16:29:55.678810 line        30             self.getTasks.emit(self)
16:29:55.679810 line        31             logger.debug(self.tasks)
16:29:55.684811 line        32             for task in self.tasks:
Modified var:.. task = Func(func=<bound method Pet.doTask of <petC.Pet ...ambda> at 0x000002222C5427A0>, id='slime.doTask')
16:29:55.685812 line        33                 if task.condition:
16:29:55.686812 line        34                     task.func()
16:29:55.687811 line        32             for task in self.tasks:
Modified var:.. task = Func(func=<bound method Pet.doTask of <petC.Pet ...<lambda> at 0x000002222C542DD0>, id='red.doTask')
16:29:55.688810 line        33                 if task.condition:
16:29:55.689836 line        34                     task.func()
16:29:55.690813 line        32             for task in self.tasks:
Modified var:.. task = Func(func=<bound method Pet.doTask of <petC.Pet ...mbda> at 0x000002222C543640>, id='orange.doTask')
16:29:55.691810 line        33                 if task.condition:
16:29:55.694814 line        34                     task.func()
16:29:55.695814 line        32             for task in self.tasks:
Modified var:.. task = Func(func=<bound method Pet.doTask of <petC.Pet ...mbda> at 0x000002222C4F1510>, id='yellow.doTask')
16:29:55.696836 line        33                 if task.condition:
16:29:55.698811 line        34                     task.func()
16:29:55.698811 line        32             for task in self.tasks:
Modified var:.. task = Func(func=<bound method Pet.doTask of <petC.Pet ...ambda> at 0x000002222C5A0430>, id='green.doTask')
16:29:55.699817 line        33                 if task.condition:
16:29:55.701816 line        34                     task.func()
16:29:55.702811 line        32             for task in self.tasks:
Modified var:.. task = Func(func=<bound method Pet.doTask of <petC.Pet ...lambda> at 0x000002222C5A0CA0>, id='blue.doTask')
16:29:55.702811 line        33                 if task.condition:
16:29:55.704815 line        34                     task.func()
16:29:55.705816 line        32             for task in self.tasks:
Modified var:.. task = Func(func=<bound method Pet.doTask of <petC.Pet ...mbda> at 0x000002222C5A1510>, id='purple.doTask')
16:29:55.706811 line        33                 if task.condition:
16:29:55.707815 line        34                     task.func()
16:29:55.708811 line        32             for task in self.tasks:
16:29:55.709810 line        29         while self.isLive:
16:29:55.710817 line        30             self.getTasks.emit(self)
16:29:55.711811 line        31             logger.debug(self.tasks)
16:29:55.716812 line        32             for task in self.tasks:
Modified var:.. task = Func(func=<bound method Pet.doTask of <petC.Pet ...ambda> at 0x000002222C5427A0>, id='slime.doTask')
16:29:55.717813 line        33                 if task.condition:
16:29:55.718811 line        34                     task.func()
16:29:55.719810 line        32             for task in self.tasks:
Modified var:.. task = Func(func=<bound method Pet.doTask of <petC.Pet ...<lambda> at 0x000002222C542DD0>, id='red.doTask')
16:29:55.720812 line        33                 if task.condition:
16:29:55.721811 line        34                     task.func()
16:29:55.722815 line        32             for task in self.tasks:
Modified var:.. task = Func(func=<bound method Pet.doTask of <petC.Pet ...mbda> at 0x000002222C543640>, id='orange.doTask')
16:29:55.723812 line        33                 if task.condition:
16:29:55.725814 line        34                     task.func()
16:29:55.726818 line        32             for task in self.tasks:
Modified var:.. task = Func(func=<bound method Pet.doTask of <petC.Pet ...mbda> at 0x000002222C4F1510>, id='yellow.doTask')
16:29:55.727816 line        33                 if task.condition:
16:29:55.729810 line        34                     task.func()
16:29:55.729810 line        32             for task in self.tasks:
Modified var:.. task = Func(func=<bound method Pet.doTask of <petC.Pet ...ambda> at 0x000002222C5A0430>, id='green.doTask')
16:29:55.730811 line        33                 if task.condition:
16:29:55.732813 line        34                     task.func()
16:29:55.732813 line        32             for task in self.tasks:
Modified var:.. task = Func(func=<bound method Pet.doTask of <petC.Pet ...lambda> at 0x000002222C5A0CA0>, id='blue.doTask')
16:29:55.733816 line        33                 if task.condition:
16:29:55.735811 line        34                     task.func()
16:29:55.736812 line        32             for task in self.tasks:
Modified var:.. task = Func(func=<bound method Pet.doTask of <petC.Pet ...mbda> at 0x000002222C5A1510>, id='purple.doTask')
16:29:55.736812 line        33                 if task.condition:
16:29:55.738810 line        34                     task.func()
16:29:55.739812 line        32             for task in self.tasks:
16:29:55.739812 line        29         while self.isLive:
16:29:55.740816 line        30             self.getTasks.emit(self)
16:29:55.741814 line        31             logger.debug(self.tasks)
16:29:55.746823 line        32             for task in self.tasks:
Modified var:.. task = Func(func=<bound method Pet.doTask of <petC.Pet ...ambda> at 0x000002222C5427A0>, id='slime.doTask')
16:29:55.747810 line        33                 if task.condition:
16:29:55.748811 line        34                     task.func()
16:29:55.749811 line        32             for task in self.tasks:
Modified var:.. task = Func(func=<bound method Pet.doTask of <petC.Pet ...<lambda> at 0x000002222C542DD0>, id='red.doTask')
16:29:55.750810 line        33                 if task.condition:
16:29:55.751813 line        34                     task.func()
16:29:55.752812 line        32             for task in self.tasks:
Modified var:.. task = Func(func=<bound method Pet.doTask of <petC.Pet ...mbda> at 0x000002222C543640>, id='orange.doTask')
16:29:55.753810 line        33                 if task.condition:
16:29:55.754811 line        34                     task.func()
16:29:55.755810 line        32             for task in self.tasks:
Modified var:.. task = Func(func=<bound method Pet.doTask of <petC.Pet ...mbda> at 0x000002222C4F1510>, id='yellow.doTask')
16:29:55.756812 line        33                 if task.condition:
16:29:55.758826 line        34                     task.func()
16:29:55.759813 line        32             for task in self.tasks:
Modified var:.. task = Func(func=<bound method Pet.doTask of <petC.Pet ...ambda> at 0x000002222C5A0430>, id='green.doTask')
16:29:55.760812 line        33                 if task.condition:
16:29:55.761813 line        34                     task.func()
16:29:55.762811 line        32             for task in self.tasks:
Modified var:.. task = Func(func=<bound method Pet.doTask of <petC.Pet ...lambda> at 0x000002222C5A0CA0>, id='blue.doTask')
16:29:55.763810 line        33                 if task.condition:
16:29:55.764811 line        34                     task.func()
16:29:55.765812 line        32             for task in self.tasks:
Modified var:.. task = Func(func=<bound method Pet.doTask of <petC.Pet ...mbda> at 0x000002222C5A1510>, id='purple.doTask')
16:29:55.766811 line        33                 if task.condition:
16:29:55.768810 line        34                     task.func()
16:29:55.768810 line        32             for task in self.tasks:
16:29:55.769813 line        29         while self.isLive:
16:29:55.770811 line        30             self.getTasks.emit(self)
16:29:55.771810 line        31             logger.debug(self.tasks)
16:29:55.776808 line        32             for task in self.tasks:
Modified var:.. task = Func(func=<bound method Pet.doTask of <petC.Pet ...ambda> at 0x000002222C5427A0>, id='slime.doTask')
16:29:55.777810 line        33                 if task.condition:
16:29:55.779810 line        34                     task.func()
16:29:55.780809 line        32             for task in self.tasks:
Modified var:.. task = Func(func=<bound method Pet.doTask of <petC.Pet ...<lambda> at 0x000002222C542DD0>, id='red.doTask')
16:29:55.781809 line        33                 if task.condition:
16:29:55.782809 line        34                     task.func()
16:29:55.783810 line        32             for task in self.tasks:
Modified var:.. task = Func(func=<bound method Pet.doTask of <petC.Pet ...mbda> at 0x000002222C543640>, id='orange.doTask')
16:29:55.784811 line        33                 if task.condition:
16:29:55.786811 line        34                     task.func()
16:29:55.786811 line        32             for task in self.tasks:
Modified var:.. task = Func(func=<bound method Pet.doTask of <petC.Pet ...mbda> at 0x000002222C4F1510>, id='yellow.doTask')
16:29:55.787810 line        33                 if task.condition:
16:29:55.790812 line        34                     task.func()
16:29:55.791812 line        32             for task in self.tasks:
Modified var:.. task = Func(func=<bound method Pet.doTask of <petC.Pet ...ambda> at 0x000002222C5A0430>, id='green.doTask')
16:29:55.792813 line        33                 if task.condition:
16:29:55.793812 line        34                     task.func()
16:29:55.794812 line        32             for task in self.tasks:
Modified var:.. task = Func(func=<bound method Pet.doTask of <petC.Pet ...lambda> at 0x000002222C5A0CA0>, id='blue.doTask')
16:29:55.795814 line        33                 if task.condition:
16:29:55.797811 line        34                     task.func()
16:29:55.797811 line        32             for task in self.tasks:
Modified var:.. task = Func(func=<bound method Pet.doTask of <petC.Pet ...mbda> at 0x000002222C5A1510>, id='purple.doTask')
16:29:55.798812 line        33                 if task.condition:
16:29:55.800811 line        34                     task.func()
16:29:55.801812 line        32             for task in self.tasks:
16:29:55.802814 line        29         while self.isLive:
16:29:55.803811 line        30             self.getTasks.emit(self)
16:29:55.804815 line        31             logger.debug(self.tasks)
16:29:55.810813 line        32             for task in self.tasks:
Modified var:.. task = Func(func=<bound method Pet.doTask of <petC.Pet ...ambda> at 0x000002222C5427A0>, id='slime.doTask')
16:29:55.811811 line        33                 if task.condition:
16:29:55.812812 line        34                     task.func()
16:29:55.813810 line        32             for task in self.tasks:
Modified var:.. task = Func(func=<bound method Pet.doTask of <petC.Pet ...<lambda> at 0x000002222C542DD0>, id='red.doTask')
16:29:55.814810 line        33                 if task.condition:
16:29:55.815810 line        34                     task.func()
16:29:55.816811 line        32             for task in self.tasks:
Modified var:.. task = Func(func=<bound method Pet.doTask of <petC.Pet ...mbda> at 0x000002222C543640>, id='orange.doTask')
16:29:55.817811 line        33                 if task.condition:
16:29:55.818810 line        34                     task.func()
16:29:55.819810 line        32             for task in self.tasks:
Modified var:.. task = Func(func=<bound method Pet.doTask of <petC.Pet ...mbda> at 0x000002222C4F1510>, id='yellow.doTask')
16:29:55.820815 line        33                 if task.condition:
16:29:55.821840 line        34                     task.func()
16:29:55.822812 line        32             for task in self.tasks:
Modified var:.. task = Func(func=<bound method Pet.doTask of <petC.Pet ...ambda> at 0x000002222C5A0430>, id='green.doTask')
16:29:55.823817 line        33                 if task.condition:
16:29:55.825817 line        34                     task.func()
16:29:55.826816 line        32             for task in self.tasks:
Modified var:.. task = Func(func=<bound method Pet.doTask of <petC.Pet ...lambda> at 0x000002222C5A0CA0>, id='blue.doTask')
16:29:55.827840 line        33                 if task.condition:
16:29:55.828837 line        34                     task.func()
16:29:55.829817 line        32             for task in self.tasks:
Modified var:.. task = Func(func=<bound method Pet.doTask of <petC.Pet ...mbda> at 0x000002222C5A1510>, id='purple.doTask')
16:29:55.830817 line        33                 if task.condition:
16:29:55.832811 line        34                     task.func()
16:29:55.832811 line        32             for task in self.tasks:
16:29:55.833817 line        29         while self.isLive:
16:29:55.834816 line        30             self.getTasks.emit(self)
16:29:55.835816 line        31             logger.debug(self.tasks)
16:29:55.842817 line        32             for task in self.tasks:
Modified var:.. task = Func(func=<bound method Pet.doTask of <petC.Pet ...ambda> at 0x000002222C5427A0>, id='slime.doTask')
16:29:55.843816 line        33                 if task.condition:
16:29:55.845814 line        34                     task.func()
16:29:55.846826 line        32             for task in self.tasks:
Modified var:.. task = Func(func=<bound method Pet.doTask of <petC.Pet ...<lambda> at 0x000002222C542DD0>, id='red.doTask')
16:29:55.847810 line        33                 if task.condition:
16:29:55.848812 line        34                     task.func()
16:29:55.849814 line        32             for task in self.tasks:
Modified var:.. task = Func(func=<bound method Pet.doTask of <petC.Pet ...mbda> at 0x000002222C543640>, id='orange.doTask')
16:29:55.850812 line        33                 if task.condition:
16:29:55.852813 line        34                     task.func()
16:29:55.853813 line        32             for task in self.tasks:
Modified var:.. task = Func(func=<bound method Pet.doTask of <petC.Pet ...mbda> at 0x000002222C4F1510>, id='yellow.doTask')
16:29:55.854811 line        33                 if task.condition:
16:29:55.855813 line        34                     task.func()
16:29:55.856813 line        32             for task in self.tasks:
Modified var:.. task = Func(func=<bound method Pet.doTask of <petC.Pet ...ambda> at 0x000002222C5A0430>, id='green.doTask')
16:29:55.857813 line        33                 if task.condition:
16:29:55.859810 line        34                     task.func()
16:29:55.859810 line        32             for task in self.tasks:
Modified var:.. task = Func(func=<bound method Pet.doTask of <petC.Pet ...lambda> at 0x000002222C5A0CA0>, id='blue.doTask')
16:29:55.860815 line        33                 if task.condition:
16:29:55.862811 line        34                     task.func()
16:29:55.863812 line        32             for task in self.tasks:
Modified var:.. task = Func(func=<bound method Pet.doTask of <petC.Pet ...mbda> at 0x000002222C5A1510>, id='purple.doTask')
16:29:55.863812 line        33                 if task.condition:
16:29:55.865812 line        34                     task.func()
16:29:55.866810 line        32             for task in self.tasks:
16:29:55.867811 line        29         while self.isLive:
16:29:55.868812 line        30             self.getTasks.emit(self)
16:29:55.868812 line        31             logger.debug(self.tasks)
16:29:55.875820 line        32             for task in self.tasks:
