Source path:... D:\Desktop\python\DesktopPet\main.py
Starting var:.. self = <__main__.EventThread object at 0x000002215CFEE3B0>
16:31:50.257581 call        29     def run(self):
16:31:50.410550 line        30         while self.isLive:
16:31:50.411551 line        31             self.getTasks.emit(self)
16:31:50.412552 line        32             logger.debug("")
16:31:50.447552 line        33             pprint(self.tasks)
16:31:50.449551 line        34             for task in self.tasks:
16:31:50.450573 line        30         while self.isLive:
16:31:50.465554 line        31             self.getTasks.emit(self)
16:31:50.466552 line        32             logger.debug("")
16:31:50.474555 line        33             pprint(self.tasks)
16:31:50.476573 line        34             for task in self.tasks:
16:31:50.477555 line        30         while self.isLive:
16:31:50.479549 line        31             self.getTasks.emit(self)
16:31:50.480565 line        32             logger.debug("")
16:31:50.500548 line        33             pprint(self.tasks)
16:31:50.501548 line        34             for task in self.tasks:
16:31:50.502549 line        30         while self.isLive:
16:31:50.503549 line        31             self.getTasks.emit(self)
16:31:50.504550 line        32             logger.debug("")
16:31:50.514549 line        33             pprint(self.tasks)
16:31:50.516547 line        34             for task in self.tasks:
16:31:50.517547 line        30         while self.isLive:
16:31:50.527547 line        31             self.getTasks.emit(self)
16:31:50.550550 line        32             logger.debug("")
16:31:50.557554 line        33             pprint(self.tasks)
16:31:50.558551 line        34             for task in self.tasks:
16:31:50.559550 line        30         while self.isLive:
16:31:50.560549 line        31             self.getTasks.emit(self)
16:31:50.562551 line        32             logger.debug("")
16:31:50.569549 line        33             pprint(self.tasks)
16:31:50.571549 line        34             for task in self.tasks:
16:31:50.572553 line        30         while self.isLive:
16:31:50.592551 line        31             self.getTasks.emit(self)
16:31:50.593549 line        32             logger.debug("")
16:31:50.600549 line        33             pprint(self.tasks)
16:31:50.602549 line        34             for task in self.tasks:
16:31:50.603552 line        30         while self.isLive:
16:31:50.604552 line        31             self.getTasks.emit(self)
16:31:50.605554 line        32             logger.debug("")
16:31:50.611546 line        33             pprint(self.tasks)
16:31:50.612551 line        34             for task in self.tasks:
16:31:50.613550 line        30         while self.isLive:
16:31:50.616550 line        31             self.getTasks.emit(self)
16:31:50.617549 line        32             logger.debug("")
16:31:50.640550 line        33             pprint(self.tasks)
16:31:50.642550 line        34             for task in self.tasks:
16:31:50.643549 line        30         while self.isLive:
16:31:50.644549 line        31             self.getTasks.emit(self)
16:31:50.646551 line        32             logger.debug("")
16:31:50.654548 line        33             pprint(self.tasks)
16:31:50.656551 line        34             for task in self.tasks:
16:31:50.657562 line        30         while self.isLive:
16:31:50.659549 line        31             self.getTasks.emit(self)
16:31:50.660550 line        32             logger.debug("")
16:31:50.682549 line        33             pprint(self.tasks)
16:31:50.685550 line        34             for task in self.tasks:
16:31:50.686551 line        30         while self.isLive:
16:31:50.688551 line        31             self.getTasks.emit(self)
16:31:50.689550 line        32             logger.debug("")
16:31:50.696550 line        33             pprint(self.tasks)
16:31:50.697549 line        34             for task in self.tasks:
16:31:50.698551 line        30         while self.isLive:
16:31:50.699549 line        31             self.getTasks.emit(self)
16:31:50.703549 line        32             logger.debug("")
16:31:50.737554 line        33             pprint(self.tasks)
16:31:50.743552 line        34             for task in self.tasks:
16:31:50.744549 line        30         while self.isLive:
16:31:50.745550 line        31             self.getTasks.emit(self)
16:31:50.746551 line        32             logger.debug("")
16:31:51.671552 line        33             pprint(self.tasks)
16:31:51.673549 line        34             for task in self.tasks:
16:31:51.674550 line        30         while self.isLive:
16:31:51.676550 line        31             self.getTasks.emit(self)
16:31:51.677564 line        32             logger.debug("")
16:31:51.683547 line        33             pprint(self.tasks)
16:31:51.685550 line        34             for task in self.tasks:
16:31:51.686551 line        30         while self.isLive:
16:31:51.688552 line        31             self.getTasks.emit(self)
16:31:51.689553 line        32             logger.debug("")
16:31:51.781553 line        33             pprint(self.tasks)
16:31:51.835219 line        34             for task in self.tasks:
New var:....... task = Func(func=<bound method Pet.doTask of <petC.Pet ...ambda> at 0x000002215D0127A0>, id='slime.doTask')
16:31:51.836218 line        35                 if task.condition:
16:31:51.838219 line        36                     task.func()
16:31:51.839217 line        34             for task in self.tasks:
Modified var:.. task = Func(func=<bound method Pet.doTask of <petC.Pet ...<lambda> at 0x000002215D012DD0>, id='red.doTask')
16:31:51.840217 line        35                 if task.condition:
16:31:51.842425 line        36                     task.func()
16:31:51.843425 line        34             for task in self.tasks:
Modified var:.. task = Func(func=<bound method Pet.doTask of <petC.Pet ...mbda> at 0x000002215D013640>, id='orange.doTask')
16:31:51.845430 line        35                 if task.condition:
16:31:51.846428 line        36                     task.func()
16:31:51.847425 line        34             for task in self.tasks:
Modified var:.. task = Func(func=<bound method Pet.doTask of <petC.Pet ...mbda> at 0x000002215CFCD510>, id='yellow.doTask')
16:31:51.848424 line        35                 if task.condition:
16:31:51.850425 line        36                     task.func()
16:31:51.851426 line        34             for task in self.tasks:
Modified var:.. task = Func(func=<bound method Pet.doTask of <petC.Pet ...ambda> at 0x000002215D07C430>, id='green.doTask')
16:31:51.852425 line        35                 if task.condition:
16:31:51.854425 line        36                     task.func()
16:31:51.855425 line        34             for task in self.tasks:
Modified var:.. task = Func(func=<bound method Pet.doTask of <petC.Pet ...lambda> at 0x000002215D07CCA0>, id='blue.doTask')
16:31:51.856426 line        35                 if task.condition:
16:31:51.858960 line        36                     task.func()
16:31:51.859959 line        34             for task in self.tasks:
Modified var:.. task = Func(func=<bound method Pet.doTask of <petC.Pet ...mbda> at 0x000002215D07D510>, id='purple.doTask')
16:31:51.860959 line        35                 if task.condition:
16:31:51.862993 line        36                     task.func()
16:31:51.863998 line        34             for task in self.tasks:
16:31:51.864987 line        30         while self.isLive:
16:31:51.865987 line        31             self.getTasks.emit(self)
16:31:51.866988 line        32             logger.debug("")
16:31:51.872016 line        33             pprint(self.tasks)
16:31:51.914630 line        34             for task in self.tasks:
Modified var:.. task = Func(func=<bound method Pet.doTask of <petC.Pet ...ambda> at 0x000002215D0127A0>, id='slime.doTask')
16:31:51.915633 line        35                 if task.condition:
16:31:51.917633 line        36                     task.func()
16:31:51.918632 line        34             for task in self.tasks:
Modified var:.. task = Func(func=<bound method Pet.doTask of <petC.Pet ...<lambda> at 0x000002215D012DD0>, id='red.doTask')
16:31:51.919631 line        35                 if task.condition:
16:31:51.922633 line        36                     task.func()
16:31:51.923633 line        34             for task in self.tasks:
Modified var:.. task = Func(func=<bound method Pet.doTask of <petC.Pet ...mbda> at 0x000002215D013640>, id='orange.doTask')
16:31:51.924634 line        35                 if task.condition:
16:31:51.925632 line        36                     task.func()
16:31:51.926634 line        34             for task in self.tasks:
Modified var:.. task = Func(func=<bound method Pet.doTask of <petC.Pet ...mbda> at 0x000002215CFCD510>, id='yellow.doTask')
16:31:51.928632 line        35                 if task.condition:
16:31:51.930632 line        36                     task.func()
16:31:51.931634 line        34             for task in self.tasks:
Modified var:.. task = Func(func=<bound method Pet.doTask of <petC.Pet ...ambda> at 0x000002215D07C430>, id='green.doTask')
16:31:51.932636 line        35                 if task.condition:
16:31:51.934632 line        36                     task.func()
16:31:51.935633 line        34             for task in self.tasks:
Modified var:.. task = Func(func=<bound method Pet.doTask of <petC.Pet ...lambda> at 0x000002215D07CCA0>, id='blue.doTask')
16:31:51.937170 line        35                 if task.condition:
16:31:51.939164 line        36                     task.func()
16:31:51.940164 line        34             for task in self.tasks:
Modified var:.. task = Func(func=<bound method Pet.doTask of <petC.Pet ...mbda> at 0x000002215D07D510>, id='purple.doTask')
16:31:51.941162 line        35                 if task.condition:
16:31:51.943164 line        36                     task.func()
16:31:51.944166 line        34             for task in self.tasks:
16:31:51.945170 line        30         while self.isLive:
16:31:51.946167 line        31             self.getTasks.emit(self)
16:31:51.947167 line        32             logger.debug("")
16:31:51.951164 line        33             pprint(self.tasks)
16:31:51.989746 line        34             for task in self.tasks:
Modified var:.. task = Func(func=<bound method Pet.doTask of <petC.Pet ...ambda> at 0x000002215D0127A0>, id='slime.doTask')
16:31:51.990748 line        35                 if task.condition:
16:31:51.991748 line        36                     task.func()
16:31:51.992756 line        34             for task in self.tasks:
Modified var:.. task = Func(func=<bound method Pet.doTask of <petC.Pet ...<lambda> at 0x000002215D012DD0>, id='red.doTask')
16:31:51.993748 line        35                 if task.condition:
16:31:51.995746 line        36                     task.func()
16:31:51.996747 line        34             for task in self.tasks:
Modified var:.. task = Func(func=<bound method Pet.doTask of <petC.Pet ...mbda> at 0x000002215D013640>, id='orange.doTask')
16:31:51.996747 line        35                 if task.condition:
16:31:51.998750 line        36                     task.func()
16:31:51.999282 line        34             for task in self.tasks:
Modified var:.. task = Func(func=<bound method Pet.doTask of <petC.Pet ...mbda> at 0x000002215CFCD510>, id='yellow.doTask')
16:31:52.000278 line        35                 if task.condition:
16:31:52.002278 line        36                     task.func()
16:31:52.002278 line        34             for task in self.tasks:
Modified var:.. task = Func(func=<bound method Pet.doTask of <petC.Pet ...ambda> at 0x000002215D07C430>, id='green.doTask')
16:31:52.003278 line        35                 if task.condition:
16:31:52.005277 line        36                     task.func()
16:31:52.006277 line        34             for task in self.tasks:
Modified var:.. task = Func(func=<bound method Pet.doTask of <petC.Pet ...lambda> at 0x000002215D07CCA0>, id='blue.doTask')
16:31:52.006277 line        35                 if task.condition:
16:31:52.008276 line        36                     task.func()
16:31:52.009277 line        34             for task in self.tasks:
Modified var:.. task = Func(func=<bound method Pet.doTask of <petC.Pet ...mbda> at 0x000002215D07D510>, id='purple.doTask')
16:31:52.010277 line        35                 if task.condition:
16:31:52.012290 line        36                     task.func()
16:31:52.013824 line        34             for task in self.tasks:
16:31:52.014814 line        30         while self.isLive:
16:31:52.016812 line        31             self.getTasks.emit(self)
16:31:52.017812 line        32             logger.debug("")
16:31:52.021812 line        33             pprint(self.tasks)
16:31:52.056813 line        34             for task in self.tasks:
Modified var:.. task = Func(func=<bound method Pet.doTask of <petC.Pet ...ambda> at 0x000002215D0127A0>, id='slime.doTask')
16:31:52.057813 line        35                 if task.condition:
16:31:52.058814 line        36                     task.func()
16:31:52.059814 line        34             for task in self.tasks:
Modified var:.. task = Func(func=<bound method Pet.doTask of <petC.Pet ...<lambda> at 0x000002215D012DD0>, id='red.doTask')
16:31:52.060814 line        35                 if task.condition:
16:31:52.062825 line        36                     task.func()
16:31:52.064819 line        34             for task in self.tasks:
Modified var:.. task = Func(func=<bound method Pet.doTask of <petC.Pet ...mbda> at 0x000002215D013640>, id='orange.doTask')
16:31:52.065817 line        35                 if task.condition:
16:31:52.067816 line        36                     task.func()
16:31:52.068813 line        34             for task in self.tasks:
Modified var:.. task = Func(func=<bound method Pet.doTask of <petC.Pet ...mbda> at 0x000002215CFCD510>, id='yellow.doTask')
16:31:52.069814 line        35                 if task.condition:
16:31:52.070813 line        36                     task.func()
16:31:52.071813 line        34             for task in self.tasks:
Modified var:.. task = Func(func=<bound method Pet.doTask of <petC.Pet ...ambda> at 0x000002215D07C430>, id='green.doTask')
16:31:52.072813 line        35                 if task.condition:
16:31:52.073813 line        36                     task.func()
16:31:52.074814 line        34             for task in self.tasks:
Modified var:.. task = Func(func=<bound method Pet.doTask of <petC.Pet ...lambda> at 0x000002215D07CCA0>, id='blue.doTask')
16:31:52.075813 line        35                 if task.condition:
16:31:52.076815 line        36                     task.func()
16:31:52.077814 line        34             for task in self.tasks:
Modified var:.. task = Func(func=<bound method Pet.doTask of <petC.Pet ...mbda> at 0x000002215D07D510>, id='purple.doTask')
16:31:52.078813 line        35                 if task.condition:
16:31:52.080812 line        36                     task.func()
16:31:52.080812 line        34             for task in self.tasks:
16:31:52.081812 line        30         while self.isLive:
16:31:52.082812 line        31             self.getTasks.emit(self)
16:31:52.083810 line        32             logger.debug("")
16:31:52.086810 line        33             pprint(self.tasks)
16:31:52.116817 line        34             for task in self.tasks:
Modified var:.. task = Func(func=<bound method Pet.doTask of <petC.Pet ...ambda> at 0x000002215D0127A0>, id='slime.doTask')
16:31:52.117816 line        35                 if task.condition:
16:31:52.119813 line        36                     task.func()
16:31:52.119813 line        34             for task in self.tasks:
Modified var:.. task = Func(func=<bound method Pet.doTask of <petC.Pet ...<lambda> at 0x000002215D012DD0>, id='red.doTask')
16:31:52.120814 line        35                 if task.condition:
16:31:52.122813 line        36                     task.func()
16:31:52.123813 line        34             for task in self.tasks:
Modified var:.. task = Func(func=<bound method Pet.doTask of <petC.Pet ...mbda> at 0x000002215D013640>, id='orange.doTask')
16:31:52.123813 line        35                 if task.condition:
16:31:52.125813 line        36                     task.func()
16:31:52.126815 line        34             for task in self.tasks:
Modified var:.. task = Func(func=<bound method Pet.doTask of <petC.Pet ...mbda> at 0x000002215CFCD510>, id='yellow.doTask')
16:31:52.127813 line        35                 if task.condition:
16:31:52.129814 line        36                     task.func()
16:31:52.130813 line        34             for task in self.tasks:
Modified var:.. task = Func(func=<bound method Pet.doTask of <petC.Pet ...ambda> at 0x000002215D07C430>, id='green.doTask')
16:31:52.130813 line        35                 if task.condition:
16:31:52.132813 line        36                     task.func()
16:31:52.133814 line        34             for task in self.tasks:
Modified var:.. task = Func(func=<bound method Pet.doTask of <petC.Pet ...lambda> at 0x000002215D07CCA0>, id='blue.doTask')
16:31:52.133814 line        35                 if task.condition:
16:31:52.135815 line        36                     task.func()
16:31:52.136814 line        34             for task in self.tasks:
Modified var:.. task = Func(func=<bound method Pet.doTask of <petC.Pet ...mbda> at 0x000002215D07D510>, id='purple.doTask')
16:31:52.137816 line        35                 if task.condition:
16:31:52.138815 line        36                     task.func()
16:31:52.139815 line        34             for task in self.tasks:
16:31:52.139815 line        30         while self.isLive:
16:31:52.140814 line        31             self.getTasks.emit(self)
16:31:52.142812 line        32             logger.debug("")
16:31:52.146811 line        33             pprint(self.tasks)
16:31:52.171815 line        34             for task in self.tasks:
Modified var:.. task = Func(func=<bound method Pet.doTask of <petC.Pet ...ambda> at 0x000002215D0127A0>, id='slime.doTask')
16:31:52.172814 line        35                 if task.condition:
16:31:52.174812 line        36                     task.func()
16:31:52.174812 line        34             for task in self.tasks:
Modified var:.. task = Func(func=<bound method Pet.doTask of <petC.Pet ...<lambda> at 0x000002215D012DD0>, id='red.doTask')
16:31:52.175814 line        35                 if task.condition:
16:31:52.177814 line        36                     task.func()
16:31:52.178813 line        34             for task in self.tasks:
Modified var:.. task = Func(func=<bound method Pet.doTask of <petC.Pet ...mbda> at 0x000002215D013640>, id='orange.doTask')
16:31:52.179812 line        35                 if task.condition:
16:31:52.180812 line        36                     task.func()
16:31:52.181811 line        34             for task in self.tasks:
Modified var:.. task = Func(func=<bound method Pet.doTask of <petC.Pet ...mbda> at 0x000002215CFCD510>, id='yellow.doTask')
16:31:52.182811 line        35                 if task.condition:
16:31:52.183811 line        36                     task.func()
16:31:52.184811 line        34             for task in self.tasks:
Modified var:.. task = Func(func=<bound method Pet.doTask of <petC.Pet ...ambda> at 0x000002215D07C430>, id='green.doTask')
16:31:52.185811 line        35                 if task.condition:
16:31:52.186811 line        36                     task.func()
16:31:52.187811 line        34             for task in self.tasks:
Modified var:.. task = Func(func=<bound method Pet.doTask of <petC.Pet ...lambda> at 0x000002215D07CCA0>, id='blue.doTask')
16:31:52.188811 line        35                 if task.condition:
16:31:52.189813 line        36                     task.func()
16:31:52.191810 line        34             for task in self.tasks:
Modified var:.. task = Func(func=<bound method Pet.doTask of <petC.Pet ...mbda> at 0x000002215D07D510>, id='purple.doTask')
16:31:52.192813 line        35                 if task.condition:
16:31:52.193813 line        36                     task.func()
16:31:52.194812 line        34             for task in self.tasks:
16:31:52.195812 line        30         while self.isLive:
16:31:52.196812 line        31             self.getTasks.emit(self)
16:31:52.196812 line        32             logger.debug("")
16:31:52.200814 line        33             pprint(self.tasks)
16:31:52.218826 line        34             for task in self.tasks:
Modified var:.. task = Func(func=<bound method Pet.doTask of <petC.Pet ...ambda> at 0x000002215D0127A0>, id='slime.doTask')
16:31:52.219810 line        35                 if task.condition:
16:31:52.221813 line        36                     task.func()
16:31:52.222813 line        34             for task in self.tasks:
Modified var:.. task = Func(func=<bound method Pet.doTask of <petC.Pet ...<lambda> at 0x000002215D012DD0>, id='red.doTask')
16:31:52.223813 line        35                 if task.condition:
16:31:52.224812 line        36                     task.func()
16:31:52.225812 line        34             for task in self.tasks:
Modified var:.. task = Func(func=<bound method Pet.doTask of <petC.Pet ...mbda> at 0x000002215D013640>, id='orange.doTask')
16:31:52.226813 line        35                 if task.condition:
16:31:52.228813 line        36                     task.func()
16:31:52.229812 line        34             for task in self.tasks:
Modified var:.. task = Func(func=<bound method Pet.doTask of <petC.Pet ...mbda> at 0x000002215CFCD510>, id='yellow.doTask')
16:31:52.230816 line        35                 if task.condition:
16:31:52.231815 line        36                     task.func()
16:31:52.232814 line        34             for task in self.tasks:
Modified var:.. task = Func(func=<bound method Pet.doTask of <petC.Pet ...ambda> at 0x000002215D07C430>, id='green.doTask')
16:31:52.233813 line        35                 if task.condition:
16:31:52.235812 line        36                     task.func()
16:31:52.236825 line        34             for task in self.tasks:
Modified var:.. task = Func(func=<bound method Pet.doTask of <petC.Pet ...lambda> at 0x000002215D07CCA0>, id='blue.doTask')
16:31:52.236825 line        35                 if task.condition:
16:31:52.238812 line        36                     task.func()
16:31:52.239814 line        34             for task in self.tasks:
Modified var:.. task = Func(func=<bound method Pet.doTask of <petC.Pet ...mbda> at 0x000002215D07D510>, id='purple.doTask')
16:31:52.240812 line        35                 if task.condition:
16:31:52.241814 line        36                     task.func()
16:31:52.242813 line        34             for task in self.tasks:
16:31:52.243812 line        30         while self.isLive:
16:31:52.243812 line        31             self.getTasks.emit(self)
16:31:52.244812 line        32             logger.debug("")
16:31:52.248813 line        33             pprint(self.tasks)
16:31:52.271813 line        34             for task in self.tasks:
Modified var:.. task = Func(func=<bound method Pet.doTask of <petC.Pet ...ambda> at 0x000002215D0127A0>, id='slime.doTask')
16:31:52.272812 line        35                 if task.condition:
16:31:52.273812 line        36                     task.func()
16:31:52.274811 line        34             for task in self.tasks:
Modified var:.. task = Func(func=<bound method Pet.doTask of <petC.Pet ...<lambda> at 0x000002215D012DD0>, id='red.doTask')
16:31:52.275812 line        35                 if task.condition:
16:31:52.277811 line        36                     task.func()
16:31:52.277811 line        34             for task in self.tasks:
Modified var:.. task = Func(func=<bound method Pet.doTask of <petC.Pet ...mbda> at 0x000002215D013640>, id='orange.doTask')
16:31:52.278812 line        35                 if task.condition:
16:31:52.280814 line        36                     task.func()
16:31:52.281813 line        34             for task in self.tasks:
Modified var:.. task = Func(func=<bound method Pet.doTask of <petC.Pet ...mbda> at 0x000002215CFCD510>, id='yellow.doTask')
16:31:52.282811 line        35                 if task.condition:
16:31:52.283811 line        36                     task.func()
16:31:52.285812 line        34             for task in self.tasks:
Modified var:.. task = Func(func=<bound method Pet.doTask of <petC.Pet ...ambda> at 0x000002215D07C430>, id='green.doTask')
16:31:52.285812 line        35                 if task.condition:
16:31:52.287812 line        36                     task.func()
16:31:52.288811 line        34             for task in self.tasks:
Modified var:.. task = Func(func=<bound method Pet.doTask of <petC.Pet ...lambda> at 0x000002215D07CCA0>, id='blue.doTask')
16:31:52.289812 line        35                 if task.condition:
16:31:52.290812 line        36                     task.func()
16:31:52.291812 line        34             for task in self.tasks:
Modified var:.. task = Func(func=<bound method Pet.doTask of <petC.Pet ...mbda> at 0x000002215D07D510>, id='purple.doTask')
16:31:52.292816 line        35                 if task.condition:
16:31:52.293811 line        36                     task.func()
16:31:52.294812 line        34             for task in self.tasks:
16:31:52.295812 line        30         while self.isLive:
16:31:52.296813 line        31             self.getTasks.emit(self)
16:31:52.296813 line        32             logger.debug("")
16:31:52.301815 line        33             pprint(self.tasks)
16:31:52.328812 line        34             for task in self.tasks:
Modified var:.. task = Func(func=<bound method Pet.doTask of <petC.Pet ...ambda> at 0x000002215D0127A0>, id='slime.doTask')
16:31:52.329813 line        35                 if task.condition:
16:31:52.331810 line        36                     task.func()
16:31:52.331810 line        34             for task in self.tasks:
Modified var:.. task = Func(func=<bound method Pet.doTask of <petC.Pet ...<lambda> at 0x000002215D012DD0>, id='red.doTask')
16:31:52.332812 line        35                 if task.condition:
16:31:52.334812 line        36                     task.func()
16:31:52.335811 line        34             for task in self.tasks:
Modified var:.. task = Func(func=<bound method Pet.doTask of <petC.Pet ...mbda> at 0x000002215D013640>, id='orange.doTask')
16:31:52.335811 line        35                 if task.condition:
16:31:52.337812 line        36                     task.func()
16:31:52.338811 line        34             for task in self.tasks:
Modified var:.. task = Func(func=<bound method Pet.doTask of <petC.Pet ...mbda> at 0x000002215CFCD510>, id='yellow.doTask')
16:31:52.338811 line        35                 if task.condition:
16:31:52.340811 line        36                     task.func()
16:31:52.341810 line        34             for task in self.tasks:
Modified var:.. task = Func(func=<bound method Pet.doTask of <petC.Pet ...ambda> at 0x000002215D07C430>, id='green.doTask')
16:31:52.342810 line        35                 if task.condition:
16:31:52.343814 line        36                     task.func()
16:31:52.344813 line        34             for task in self.tasks:
Modified var:.. task = Func(func=<bound method Pet.doTask of <petC.Pet ...lambda> at 0x000002215D07CCA0>, id='blue.doTask')
16:31:52.345812 line        35                 if task.condition:
16:31:52.346810 line        36                     task.func()
16:31:52.347810 line        34             for task in self.tasks:
Modified var:.. task = Func(func=<bound method Pet.doTask of <petC.Pet ...mbda> at 0x000002215D07D510>, id='purple.doTask')
16:31:52.348810 line        35                 if task.condition:
16:31:52.350810 line        36                     task.func()
16:31:52.351811 line        34             for task in self.tasks:
16:31:52.352810 line        30         while self.isLive:
16:31:52.352810 line        31             self.getTasks.emit(self)
16:31:52.353811 line        32             logger.debug("")
16:31:52.357810 line        33             pprint(self.tasks)
16:31:52.376815 line        34             for task in self.tasks:
Modified var:.. task = Func(func=<bound method Pet.doTask of <petC.Pet ...ambda> at 0x000002215D0127A0>, id='slime.doTask')
16:31:52.378841 line        35                 if task.condition:
16:31:52.380818 line        36                     task.func()
16:31:52.381818 line        34             for task in self.tasks:
Modified var:.. task = Func(func=<bound method Pet.doTask of <petC.Pet ...<lambda> at 0x000002215D012DD0>, id='red.doTask')
16:31:52.382815 line        35                 if task.condition:
16:31:52.383814 line        36                     task.func()
16:31:52.384814 line        34             for task in self.tasks:
Modified var:.. task = Func(func=<bound method Pet.doTask of <petC.Pet ...mbda> at 0x000002215D013640>, id='orange.doTask')
16:31:52.385819 line        35                 if task.condition:
16:31:52.386814 line        36                     task.func()
16:31:52.387814 line        34             for task in self.tasks:
Modified var:.. task = Func(func=<bound method Pet.doTask of <petC.Pet ...mbda> at 0x000002215CFCD510>, id='yellow.doTask')
16:31:52.387814 line        35                 if task.condition:
16:31:52.389813 line        36                     task.func()
16:31:52.390813 line        34             for task in self.tasks:
Modified var:.. task = Func(func=<bound method Pet.doTask of <petC.Pet ...ambda> at 0x000002215D07C430>, id='green.doTask')
16:31:52.390813 line        35                 if task.condition:
16:31:52.392816 line        36                     task.func()
16:31:52.393818 line        34             for task in self.tasks:
Modified var:.. task = Func(func=<bound method Pet.doTask of <petC.Pet ...lambda> at 0x000002215D07CCA0>, id='blue.doTask')
16:31:52.393818 line        35                 if task.condition:
16:31:52.395815 line        36                     task.func()
16:31:52.396813 line        34             for task in self.tasks:
Modified var:.. task = Func(func=<bound method Pet.doTask of <petC.Pet ...mbda> at 0x000002215D07D510>, id='purple.doTask')
16:31:52.397827 line        35                 if task.condition:
16:31:52.398814 line        36                     task.func()
16:31:52.399812 line        34             for task in self.tasks:
16:31:52.400815 line        30         while self.isLive:
16:31:52.401814 line        31             self.getTasks.emit(self)
16:31:52.402814 line        32             logger.debug("")
16:31:52.405816 line        33             pprint(self.tasks)
16:31:52.435814 line        34             for task in self.tasks:
Modified var:.. task = Func(func=<bound method Pet.doTask of <petC.Pet ...ambda> at 0x000002215D0127A0>, id='slime.doTask')
16:31:52.436813 line        35                 if task.condition:
16:31:52.437815 line        36                     task.func()
16:31:52.438813 line        34             for task in self.tasks:
Modified var:.. task = Func(func=<bound method Pet.doTask of <petC.Pet ...<lambda> at 0x000002215D012DD0>, id='red.doTask')
16:31:52.439816 line        35                 if task.condition:
16:31:52.440813 line        36                     task.func()
16:31:52.441814 line        34             for task in self.tasks:
Modified var:.. task = Func(func=<bound method Pet.doTask of <petC.Pet ...mbda> at 0x000002215D013640>, id='orange.doTask')
16:31:52.442815 line        35                 if task.condition:
16:31:52.444814 line        36                     task.func()
16:31:52.445813 line        34             for task in self.tasks:
Modified var:.. task = Func(func=<bound method Pet.doTask of <petC.Pet ...mbda> at 0x000002215CFCD510>, id='yellow.doTask')
16:31:52.445813 line        35                 if task.condition:
16:31:52.447811 line        36                     task.func()
16:31:52.448810 line        34             for task in self.tasks:
Modified var:.. task = Func(func=<bound method Pet.doTask of <petC.Pet ...ambda> at 0x000002215D07C430>, id='green.doTask')
16:31:52.448810 line        35                 if task.condition:
16:31:52.450811 line        36                     task.func()
16:31:52.450811 line        34             for task in self.tasks:
Modified var:.. task = Func(func=<bound method Pet.doTask of <petC.Pet ...lambda> at 0x000002215D07CCA0>, id='blue.doTask')
16:31:52.451813 line        35                 if task.condition:
16:31:52.453811 line        36                     task.func()
16:31:52.453811 line        34             for task in self.tasks:
Modified var:.. task = Func(func=<bound method Pet.doTask of <petC.Pet ...mbda> at 0x000002215D07D510>, id='purple.doTask')
16:31:52.454811 line        35                 if task.condition:
16:31:52.456812 line        36                     task.func()
16:31:52.457812 line        34             for task in self.tasks:
16:31:52.457812 line        30         while self.isLive:
16:31:52.459814 line        31             self.getTasks.emit(self)
16:31:52.460812 line        32             logger.debug("")
16:31:52.465811 line        33             pprint(self.tasks)
16:31:52.488810 line        34             for task in self.tasks:
Modified var:.. task = Func(func=<bound method Pet.doTask of <petC.Pet ...ambda> at 0x000002215D0127A0>, id='slime.doTask')
16:31:52.489813 line        35                 if task.condition:
16:31:52.490814 line        36                     task.func()
16:31:52.491814 line        34             for task in self.tasks:
Modified var:.. task = Func(func=<bound method Pet.doTask of <petC.Pet ...<lambda> at 0x000002215D012DD0>, id='red.doTask')
16:31:52.492815 line        35                 if task.condition:
16:31:52.494815 line        36                     task.func()
16:31:52.495815 line        34             for task in self.tasks:
Modified var:.. task = Func(func=<bound method Pet.doTask of <petC.Pet ...mbda> at 0x000002215D013640>, id='orange.doTask')
16:31:52.496815 line        35                 if task.condition:
16:31:52.497816 line        36                     task.func()
16:31:52.498814 line        34             for task in self.tasks:
Modified var:.. task = Func(func=<bound method Pet.doTask of <petC.Pet ...mbda> at 0x000002215CFCD510>, id='yellow.doTask')
16:31:52.499814 line        35                 if task.condition:
16:31:52.501814 line        36                     task.func()
16:31:52.501814 line        34             for task in self.tasks:
Modified var:.. task = Func(func=<bound method Pet.doTask of <petC.Pet ...ambda> at 0x000002215D07C430>, id='green.doTask')
16:31:52.502814 line        35                 if task.condition:
16:31:52.504814 line        36                     task.func()
16:31:52.505814 line        34             for task in self.tasks:
Modified var:.. task = Func(func=<bound method Pet.doTask of <petC.Pet ...lambda> at 0x000002215D07CCA0>, id='blue.doTask')
16:31:52.505814 line        35                 if task.condition:
16:31:52.507814 line        36                     task.func()
16:31:52.508813 line        34             for task in self.tasks:
Modified var:.. task = Func(func=<bound method Pet.doTask of <petC.Pet ...mbda> at 0x000002215D07D510>, id='purple.doTask')
16:31:52.509812 line        35                 if task.condition:
16:31:52.510813 line        36                     task.func()
16:31:52.511812 line        34             for task in self.tasks:
16:31:52.512813 line        30         while self.isLive:
16:31:52.512813 line        31             self.getTasks.emit(self)
16:31:52.513813 line        32             logger.debug("")
16:31:52.518813 line        33             pprint(self.tasks)
16:31:52.536810 line        34             for task in self.tasks:
Modified var:.. task = Func(func=<bound method Pet.doTask of <petC.Pet ...ambda> at 0x000002215D0127A0>, id='slime.doTask')
16:31:52.537813 line        35                 if task.condition:
16:31:52.539814 line        36                     task.func()
16:31:52.540818 line        34             for task in self.tasks:
Modified var:.. task = Func(func=<bound method Pet.doTask of <petC.Pet ...<lambda> at 0x000002215D012DD0>, id='red.doTask')
16:31:52.542816 line        35                 if task.condition:
16:31:52.545812 line        36                     task.func()
16:31:52.546812 line        34             for task in self.tasks:
Modified var:.. task = Func(func=<bound method Pet.doTask of <petC.Pet ...mbda> at 0x000002215D013640>, id='orange.doTask')
16:31:52.547812 line        35                 if task.condition:
16:31:52.548811 line        36                     task.func()
16:31:52.549812 line        34             for task in self.tasks:
Modified var:.. task = Func(func=<bound method Pet.doTask of <petC.Pet ...mbda> at 0x000002215CFCD510>, id='yellow.doTask')
16:31:52.550812 line        35                 if task.condition:
16:31:52.552815 line        36                     task.func()
16:31:52.553815 line        34             for task in self.tasks:
Modified var:.. task = Func(func=<bound method Pet.doTask of <petC.Pet ...ambda> at 0x000002215D07C430>, id='green.doTask')
16:31:52.554815 line        35                 if task.condition:
16:31:52.556814 line        36                     task.func()
16:31:52.557814 line        34             for task in self.tasks:
Modified var:.. task = Func(func=<bound method Pet.doTask of <petC.Pet ...lambda> at 0x000002215D07CCA0>, id='blue.doTask')
16:31:52.558814 line        35                 if task.condition:
16:31:52.560829 line        36                     task.func()
16:31:52.560829 line        34             for task in self.tasks:
Modified var:.. task = Func(func=<bound method Pet.doTask of <petC.Pet ...mbda> at 0x000002215D07D510>, id='purple.doTask')
16:31:52.561813 line        35                 if task.condition:
16:31:52.563812 line        36                     task.func()
16:31:52.563812 line        34             for task in self.tasks:
16:31:52.564813 line        30         while self.isLive:
16:31:52.565812 line        31             self.getTasks.emit(self)
16:31:52.566812 line        32             logger.debug("")
16:31:52.571819 line        33             pprint(self.tasks)
16:31:52.598810 line        34             for task in self.tasks:
Modified var:.. task = Func(func=<bound method Pet.doTask of <petC.Pet ...ambda> at 0x000002215D0127A0>, id='slime.doTask')
16:31:52.599810 line        35                 if task.condition:
16:31:52.600810 line        36                     task.func()
16:31:52.601811 line        34             for task in self.tasks:
Modified var:.. task = Func(func=<bound method Pet.doTask of <petC.Pet ...<lambda> at 0x000002215D012DD0>, id='red.doTask')
16:31:52.602811 line        35                 if task.condition:
16:31:52.603810 line        36                     task.func()
16:31:52.604810 line        34             for task in self.tasks:
Modified var:.. task = Func(func=<bound method Pet.doTask of <petC.Pet ...mbda> at 0x000002215D013640>, id='orange.doTask')
16:31:52.605809 line        35                 if task.condition:
16:31:52.607809 line        36                     task.func()
16:31:52.607809 line        34             for task in self.tasks:
Modified var:.. task = Func(func=<bound method Pet.doTask of <petC.Pet ...mbda> at 0x000002215CFCD510>, id='yellow.doTask')
16:31:52.608809 line        35                 if task.condition:
16:31:52.610811 line        36                     task.func()
16:31:52.611811 line        34             for task in self.tasks:
Modified var:.. task = Func(func=<bound method Pet.doTask of <petC.Pet ...ambda> at 0x000002215D07C430>, id='green.doTask')
16:31:52.612815 line        35                 if task.condition:
16:31:52.613811 line        36                     task.func()
